,Name,Beta,Correlation
0,bitcoin,1.0,1.0
1,xrp,1.0576421501867257,0.6415200749248678
2,ethereum,1.0447460028112474,0.8057539777477267
3,stellar,1.0779032641739874,0.606136888525345
4,bitcoin cash,1.2820718526881576,0.7772902568306442
5,eos,1.2409002761302759,0.6618443667222749
6,litecoin,1.085409069691905,0.8242011276461535
7,tether,0.0038467413276233606,0.026506702641096846
9,cardano,1.1815021508798182,0.7060711358061175
10,monero,1.1828194123436626,0.808756054588476
11,tron,1.4129358412124202,0.5453291498485282
12,iota,1.2152673853771436,0.7427303043410297
13,dash,1.0868804270113925,0.7916889631579669
14,nem,1.1152577291550878,0.6371118696670311
15,binance coin,1.1012730457342796,0.612310844801497
16,neo,1.1942529915359215,0.7234526244333774
17,ethereum classic,1.0922175565064622,0.7018340535548221
18,zcash,1.072797423520063,0.7072753405035764
19,bitcoin gold,1.1698690930251374,0.6426267220225793
20,tezos,0.9162419239920925,0.48131410776635447
21,maker,1.0488780167572607,0.6474551269284113
23,dogecoin,1.1211658844620558,0.6285483797612706
25,0x,1.2642634280968863,0.6130866446159537
26,omisego,1.201618604039634,0.7536151621977463
27,basic attention token,1.215278540973202,0.6364704128366215
29,qtum,1.3302515581906345,0.7165127824607243
31,decred,1.1227146477620427,0.7118890673197611
32,lisk,1.2558917163082637,0.7535719107500999
34,bitcoin diamond,1.2931618644811305,0.22454717526595105
36,digibyte,1.4073274408367005,0.7760253701071735
38,nano,1.3633158237483352,0.5929507971491629
39,aeternity,1.2408591665471282,0.6560887438922107
40,bitshares,1.2728813265606553,0.7429976679807991
41,icon,1.399666444155962,0.6785982356781555
43,waves,1.1270453226827777,0.7564055397402831
44,chainlink,1.1594372452492925,0.5745127642288747
45,verge,1.3828439027033776,0.665068869895469
46,siacoin,1.5341262127625257,0.7067177316668943
47,steem,1.321271450001187,0.6300722438991007
48,bytom,1.1640397621640755,0.6416660060969359
49,factom,1.0961810003595256,0.5596903779426802
51,populous,1.1465666396914886,0.5788719802092304
52,augur,1.016588269212463,0.6242758571278857
53,golem,1.2054273533035944,0.600587093266174
54,stratis,1.3185619709654686,0.7482432023822799
55,qash,1.2026660387738535,0.6854511102902282
56,maidsafecoin,1.134247875240067,0.7097157614219084
57,komodo,1.2616887180062193,0.7554176986334129
58,electroneum,1.4701585994458612,0.6143800653576157
59,cryptonex,1.0222530317868899,0.6426813311083553
61,status,1.1060717839977074,0.5217512115558685
62,revain,0.9079742251411012,0.433291294505957
63,dai,-0.0537359807651374,-0.11795377050290595
64,decentraland,1.1081209961563818,0.4877198589499008
65,wax,1.3000178662646014,0.48154163195221
69,metaverse etp,1.2402426478543191,0.5662911000108303
72,kucoin shares,1.3622756328596934,0.5448819712444347
76,waltonchain,1.3793954204895664,0.6286806431263235
78,monacoin,1.0022210286893807,0.5466706878988264
79,gxchain,0.9729513299340918,0.568779905702323
82,ark,1.1946559001528236,0.7009652854150659
83,mobilego,0.989953227486435,0.44042736224455137
86,aion,1.3854501623460316,0.6602123137699325
87,pivx,1.1045077793104514,0.6686326384221271
88,reddcoin,1.3703629125457748,0.639766006959733
89,sirin labs token,0.7321838332961916,0.3551312639089293
90,hypercash,1.2558175726785177,0.6460829403953642
91,bancor,1.0834724288793287,0.8012597206766231
96,cybermiles,1.2804077434715708,0.5772326871640895
97,digixdao,0.8297838715194819,0.40435021611172955
98,aelf,1.336112702810739,0.6013422206227487
99,crypto.com,1.2274515628384575,0.6348652869403851
101,loopring,1.42250310114785,0.6377056273453565
102,veritaseum,1.041514986707768,0.4753516159885664
103,horizen,1.0832793105900125,0.6548020545858702
104,nebulas,1.2836556403684187,0.5791073049418027
106,zcoin,1.0480871041504274,0.732414744771453
107,power ledger,1.2757427002560595,0.7140685646499967
108,dentacoin,1.0746274473537947,0.3123494100409062
109,boscoin,1.0279437969820648,0.43254179338034193
110,tenx,1.2341492580392703,0.6607180331744548
114,nxt,1.1319995554972802,0.7272915031244177
118,enigma,1.4223115446991828,0.6831398852974238
119,funfair,1.3646692855325115,0.6833138637376573
121,dragonchain,1.423436946957103,0.6428443427406402
123,gas,1.2982690578066003,0.6389190242891514
124,kyber network,1.2160872686477207,0.6618346123765869
126,storj,1.1895979687324396,0.6888134423839302
129,eidoo,1.2923282297631251,0.7130332411864259
130,kin,1.2720723371412175,0.5510265533117742
132,bibox token,1.1818624701237594,0.43125358656076795
133,civic,1.305383096719638,0.719085270116419
135,syscoin,1.2752275537911615,0.6194838466584833
136,bread,1.2702825923652676,0.7462208085273969
138,genesis vision,1.56823111143093,0.6834026975111973
140,groestlcoin,1.1565643158851908,0.4128454198451374
141,nuls,1.3814859929884402,0.6436448817839044
144,enjin coin,1.4014929286355793,0.6438750503161503
146,byteball bytes,1.1760161367328217,0.6341925300391663
147,dynamic trading rights,0.8608686520267237,0.42042104758763194
148,salt,1.368398056950733,0.6925918721733059
149,dent,1.4039183549273926,0.4558869884537063
151,moeda loyalty points,1.344771345980562,0.560559850342216
152,request network,1.2086203988891067,0.5992687817986776
153,substratum,1.554337947345695,0.7183124191322391
154,iexec rlc,1.2535321499847432,0.5469940501033995
155,storm,1.5254916710912754,0.4469516425496701
157,iconomi,1.2230071578402506,0.5855129767837309
158,peercoin,1.0904827193496163,0.5321696646582504
160,cindicator,1.2568664536822882,0.4833837215398208
161,smartcash,0.9598335197560397,0.30256915909721405
162,nexus,1.4700643811682206,0.5735874491702423
164,rchain,1.2607863363927296,0.49054124346569156
166,gifto,1.299737551051949,0.5192960430311043
167,santiment network token,1.5263112389318712,0.729702427014282
168,emercoin,0.9648269225643566,0.5020111082396476
175,ignis,0.9566316663045064,0.4284797983870781
178,vertcoin,1.26822673811186,0.6658427024326287
180,pillar,1.1049310389746574,0.468592992068505
184,neblio,1.205438651681076,0.3447006877143742
186,einsteinium,1.1046794916284521,0.596707273146767
188,skycoin,1.037932901414583,0.5073431274735141
189,gnosis,1.2330797032960568,0.7646634083514554
190,streamr datacoin,1.1513129313745931,0.5891137838409961
191,po.et,1.4433255071732636,0.6233647210777479
193,raiden network token,1.2982668575301224,0.6820920759132062
195,wagerr,1.1179897235773302,0.5162843925147911
197,aragon,1.0743614807542003,0.6096895377291799
198,burst,1.4159221014865693,0.7280148977824418
200,particl,1.3310162173533446,0.6271937837138494
202,bridgecoin,1.1597504866848405,0.563784248671099
203,safe exchange coin,0.8691307112008214,0.3489812026823949
215,ubiq,1.281765031515176,0.7238940048988469
216,ambrosus,1.3751548873913022,0.6173539386318317
218,prizm,-0.029076606244832454,-0.013715351242597724
219,bitcny,-0.13698149776749363,-0.19527118148045472
221,quantstamp,1.269755818977918,0.6284605044032777
222,ost,1.571868915260516,0.6312171997507511
223,unobtanium,0.6753625742490635,0.4616217939008597
227,utrust,0.9930842847705873,0.48753466408323193
229,ethos,1.5278091499159374,0.6389760778977115
230,metal,1.1534317267678116,0.6061166563401524
231,navcoin,1.106140981115754,0.5978780498814525
233,steem dollars,1.0809496200251534,0.23239589848708544
235,whitecoin,1.0386557577432662,0.5795961018843141
237,time new bank,1.3612966351558355,0.6388212393406149
240,e-dinar coin,0.9042882049635328,0.36526211813577114
242,gulden,0.7692450911199952,0.5397119876949781
243,smartmesh,1.183551631749847,0.4651958895398243
244,quantum resistant ledger,1.1339148427945545,0.5807881493104228
246,sonm,1.355546354288427,0.6700683477476125
249,ethlend,1.3833359112546,0.6621423912755625
252,digitalnote,1.5926622155188381,0.643529543127318
255,bitbay,1.3709777204587215,0.6292270955333986
257,propy,1.1726497911688065,0.4201805441152414
260,blocknet,1.1581652941983385,0.632788557243216
261,salus,1.1649467562002787,0.4036109550105259
262,leocoin,0.4779013274465696,0.4120930494428671
263,dew,1.160813998892707,0.4842131998660759
264,medibloc [qrc20],1.1164095279262458,0.4471981381412072
267,tokencard,1.1996784428344907,0.5623812608437074
269,wabi,1.4647404613067994,0.607263228802399
270,red pulse phoenix,1.4524505842421387,0.4677662309846798
275,blockv,1.335574397351443,0.5863743706437731
277,wings,1.224821413853458,0.6568445042362103
281,modum,1.2169966432234545,0.5886981916853461
285,viacoin,1.0629764875373482,0.6305793513957451
288,naga,0.8993597736555903,0.4985208895434124
291,zclassic,1.3190428197286856,0.3836535573828788
293,singulardtv,1.2259537940171128,0.5495657681741485
295,neumark,1.0594339625316676,0.4277571438207974
297,ripio credit network,1.3647216628691956,0.6712281782317895
298,achain,1.2925590674774596,0.553589496298382
300,vibe,1.6599427467948478,0.27260406707027496
301,locktrip,0.8461020459433766,0.3290968158861379
303,boolberry,0.9799856717876695,0.35457740402900456
304,zrcoin,0.7603006919642353,0.31782619932026984
307,iot chain,1.4244347734259395,0.47497737470402285
310,district0x,1.5082892422145653,0.6401106197446111
311,tierion,1.34844374321352,0.5258970970152647
312,xtrabytes,1.311439187455424,0.5302386598259736
313,blox,1.4945174743323837,0.6661830673699903
314,rialto,1.064511716299753,0.370335874950114
315,medishares,0.9803156327340454,0.4012379993385108
316,aurumcoin,1.0966435934025576,0.235305178247835
317,faircoin,1.0492299234681262,0.30362314677971813
319,qlc chain,1.3166269791192868,0.5535914415120926
321,bitusd,-0.0925206652116564,-0.1049237495119997
322,adex,1.2581735757320245,0.5668051634791036
323,counterparty,1.1683889414008874,0.6312989184918887
326,edgeless,1.1328698736140115,0.7134366645531618
329,cloakcoin,1.1954647557158873,0.5968964997830926
334,spankchain,1.0164530032572736,0.4187363471991475
336,coss,1.204731607466978,0.4262080943988204
337,asch,1.1270218207771547,0.5584059505483515
338,genaro network,0.8673988143482447,0.45990384231837217
340,blocktix,1.240069541700953,0.5766288443710951
341,pascal coin,1.296351812763771,0.5959189049082829
347,mothership,1.1993980119697987,0.6045329467644452
353,b2bx,0.7504018033288511,0.18720036973738907
358,mercury,1.1338755445987896,0.6322252694792005
359,clams,0.9997240707842578,0.5795038778897923
360,primecoin,1.0889311442117298,0.46235238635505366
362,primas,1.1543953746213258,0.39624506743542365
366,happycoin,0.9902329513689206,0.2075935433079733
370,namecoin,0.8251393641909447,0.2552695366492231
372,linda,0.8759165358466754,0.30138255155689664
373,bitcore,0.8479224484762878,0.48459764916911097
375,alqo,1.2097083085606246,0.43478730703171403
376,sophiatx,1.2029537365939844,0.5160055259882435
377,peerplays,1.080624871420821,0.31119191610720437
378,everus,1.5068116917503849,0.4542566524303196
380,everex,1.2283610089292407,0.5641245955419051
381,etherparty,1.206597688654014,0.5725512494137992
382,gamecredits,1.0028749939343218,0.5838938027594553
385,deepbrain chain,1.3366347161566283,0.5652885195124457
387,airswap,1.530413503244269,0.6052736027153631
388,ion,0.9290471152850215,0.44136448782229837
389,yoyow,1.4102309399825452,0.7111798436447097
390,bulwark,1.0633168009078664,0.4807851082438128
392,ink,0.986118913956175,0.35650032114754837
399,aeron,2.3289081777026266,0.3402121387578298
400,presearch,0.9968574023857723,0.341880164607976
402,melon,1.2783918984217122,0.601905677483486
403,monetha,1.2817114245926629,0.5238548788903156
407,experience points,1.3750684495813614,0.34930087550998595
409,decent,1.2528472587632653,0.5223470949101121
411,aeon,1.3207534578988378,0.6757098239099518
414,feathercoin,1.2110479208929037,0.6288838191923147
417,lbry credits,1.4162556584232673,0.7573734797097376
419,viberate,1.35514323187223,0.6131373608752985
421,adtoken,1.5945617375107115,0.40362276711607764
422,minexcoin,0.915236044962687,0.44993372390594844
424,cobinhood,0.9646087016142195,0.3070334838470702
428,latoken,1.0015894872551039,0.48071745267486204
430,polybius,1.1248178235984978,0.44878263984825717
431,shift,1.1467337955722143,0.6520515899836399
432,unikoin gold,1.4209889193210354,0.5970293507181825
434,htmlcoin,1.4581532617068373,0.36422930536242265
436,lunyr,1.5453866915112957,0.628005099748657
441,kickcoin,1.2514327126681661,0.5268003339141206
442,revolutionvr,1.19141416958748,0.6594303710310314
445,agrello,1.3011732562072553,0.5333361744872126
448,pepe cash,0.9238953511345924,0.5311293350458292
450,toacoin,1.5353518075750678,0.2967466434252138
453,hiveterminal token,1.317361328469477,0.5765892104067164
457,xaurum,0.44492591037674845,0.250633932250439
462,diamond,1.1194405413470825,0.6325179708273291
464,blockmason credit protocol,1.4522519327483217,0.569496156873396
466,xel,1.1821592262332317,0.6436671023178019
467,decentbet,1.1599556134367222,0.45416930711286657
473,numeraire,1.0652549443888195,0.451345219460762
474,blackmoon,1.1014005545719583,0.59424653991556
477,crown,1.2614070069988623,0.5630570383336401
479,delphy,1.080338351583945,0.4844878151442631
480,phore,1.1891217523551714,0.542380009555689
490,decision token,1.0418993946180923,0.46937928947686636
491,bean cash,1.3889607732843574,0.585853504805322
497,firstblood,1.2224564293021711,0.6254550075908538
498,flo,1.2585392841675018,0.5243404105423966
499,ecc,1.223235377136914,0.37091205018378604
503,blackcoin,1.286795712509201,0.6639766129606263
504,olympus labs,0.9194456255911284,0.4522540362059182
505,dimecoin,1.586827804981192,0.15636306516317625
506,luxcoin,1.0985906393938014,0.4705840509778315
508,myriad,1.4245457061010047,0.5588474664465553
509,flash,0.999007352965752,0.35424138593253307
520,hempcoin,1.3775800217267822,0.6359374332117894
525,oax,1.5193630291401092,0.6994708799478692
526,colossusxt,1.391245414361578,0.4786277714550082
531,yocoin,0.6098716364962806,0.14136044264108902
540,potcoin,1.2586250696863164,0.6936275500425714
542,dimcoin,1.1997959455475906,0.3613512929214172
545,pandacoin,1.753449830893915,0.25322277212801236
548,gridcoin,1.0938531705518788,0.5755004556769944
551,etheroll,1.0461449962769487,0.5042704262229328
555,cvcoin,1.008832430454728,0.07587885890506581
560,radium,1.2761699631235845,0.6216003114157422
562,spectrecoin,1.1150487959667377,0.46935560286203404
563,monetaryunit,1.2278666004083347,0.7070524317431156
565,change,1.1101703929700923,0.4948204371043645
567,i/o coin,1.2069417721228655,0.5820307600360974
577,taas,0.8711256361972566,0.5201533605859466
585,vericoin,1.3308974153404038,0.5585949731104775
586,deeponion,0.9609224141518123,0.4665925356512503
594,oraclechain,1.1668158704936018,0.5138610988748038
595,incent,1.2299187264314977,0.4908326187211124
600,hollywoodcoin,1.203705617318504,0.2857394731297251
601,circuits of value,1.3380817242869776,0.6526231547111714
602,rise,0.8622999946476645,0.138832590851489
604,suncontract,1.1408325983999665,0.4780144278050839
606,humaniq,1.1957999602600726,0.6852678116607154
607,wearesatoshi,0.8480998970890584,0.16496433893618323
616,pura,0.937733711455252,0.46531859926555613
618,espers,1.1477777053137526,0.22093116214590602
628,synereo,1.2425017984428572,0.6645524870395539
630,domraider,1.05960541222944,0.43004444466787184
633,databits,1.1574476131181708,0.5569352756038827
634,maecenas,1.3826717402463031,0.30703595774860604
636,zeusshield,1.1494983899953295,0.5879236814448076
637,bodhi,1.3399888812405243,0.41377732531329436
640,musicoin,1.2250063674615206,0.6188662573947316
644,eroscoin,1.0942425658421264,0.527214727171514
649,gambit,1.0574743399554631,0.581727759870477
655,newyorkcoin,0.8355288528608138,0.08908561623172344
660,ormeus coin,0.9039994530567131,0.36362737133570927
661,cappasity,1.4581146421084605,0.5655083790387249
664,omni,1.217157269635105,0.6552713406222633
668,flixxo,1.2670041326915962,0.46303805717383534
670,trueflip,0.7669339486817092,0.3562426101185185
674,dubaicoin,1.0797355801958624,0.46613376204083734
684,alis,1.2324108305183548,0.5370630882214656
686,chronobank,1.2045855357029052,0.44021532857013573
688,shield,1.160360654384176,0.42984435188517356
691,encrypgen,0.7728224152750199,0.20783118870077777
692,solaris,1.318023375498417,0.41012805165960975
695,rivetz,1.2095261623563491,0.4812670250060767
696,gobyte,1.1258129585042895,0.49562449942500963
698,matchpool,1.4069396557432348,0.6779304272525698
699,novacoin,1.031977867753965,0.3355116551120272
700,auroracoin,0.8872446540363326,0.3899926240898514
703,bitsend,1.1966186890733692,0.7149711001575548
706,solarcoin,1.0201235766007362,0.30374809124811086
707,aventus,1.1458273528921699,0.4603860491279775
713,nolimitcoin,1.2035386303697362,0.5481024018787157
717,qwark,1.0923475538797653,0.5237258246169824
719,pirl,1.0686106853904767,0.43542218351134265
724,foldingcoin,1.3632180848224855,0.7168505478763517
728,qbao,1.1583584713344488,0.3907324413326644
730,okcash,1.2696594329831152,0.7179979587810563
732,datum,1.2242017940397194,0.5657623412816646
733,wetrust,1.1849384655361275,0.6367610877212101
734,patientory,1.2214669748777514,0.6859872097220013
737,sibcoin,1.051204012980786,0.6391407853451728
740,autonio,1.182063534289961,0.2997890971976737
746,curecoin,1.130003267513979,0.6440415717911085
747,expanse,1.3432235924631108,0.7219844945502881
754,capricoin,1.0332223926381536,0.3701282831945387
758,artbyte,1.1850021779287776,0.625441170611247
761,snovian.space,1.319843582206116,0.3398436070613463
763,uquid coin,0.9061524788957285,0.2591306077606619
766,swarm city,0.993148392093504,0.5048048100206526
768,golos,1.2121818583454989,0.20767769522125523
769,energo,1.209794742040037,0.5380487176964334
771,upfiring,0.9559242969914847,0.32009546601641203
772,adshares,1.170243543771899,0.4247598167472203
776,life,0.47308205686663374,0.04325885646237187
778,atlant,1.1356198212528898,0.39021165200908
779,clearpoll,1.3249544759828562,0.4910950704323247
782,bitcrystals,1.1056322791941442,0.1901097173071542
783,2give,1.2925757661503001,0.6707744029396527
789,dynamic,1.1130266679918586,0.656259557376157
796,internxt,1.0071219589990483,0.1450118829895223
802,stox,1.247467689731726,0.5626773787574099
805,pinkcoin,1.116843738972821,0.3181276890867226
806,bitcoin plus,1.0619425080404903,0.43642723401904715
811,stronghands,1.3301870543426326,0.2730064430100216
817,syndicate,1.1663132920800396,0.6473658990134284
818,hexx,1.273304882681463,0.25477349907876734
819,bitcoinz,1.1027244662234423,0.4637120584118075
820,zero,1.43156945846616,0.48106015858763235
821,playkey,1.2348780244392668,0.4160093003809524
828,internet of people,1.3134822660085672,0.6043247932770808
831,exclusivecoin,1.1687653131502442,0.6323293019298447
833,mybit,1.1816141710010712,0.3733392204713387
834,hicoin,0.7634049618672001,0.20980961956555294
835,uniform fiscal object,1.03194196557193,0.34815536963388455
837,nimiq exchange token,1.2711115027181799,0.49821533313370814
842,kore,1.2915135879005792,0.513663266326917
844,privatix,1.2803333220280693,0.33728141123958366
847,neoscoin,1.2618756935596545,0.6006325341364238
850,sprouts,1.298973054323243,0.26156934319574926
856,social send,1.1021741035519799,0.39928740550486186
859,worldcore,1.0938047755168818,0.3517576960925266
863,blue protocol,1.0538724371048784,0.31956878058555765
868,skincoin,0.9234470861574444,0.4656889326848722
871,edrcoin,0.8768634712830041,0.2791349908214942
877,fedoracoin,0.7230768554697351,0.062221766342743554
883,goldcoin,1.1625082967626732,0.5255296169595536
886,prochain,0.8963917622988707,0.41998731980399734
888,opus,1.4631560636324308,0.17893849942343906
890,bounty0x,1.2144791638830048,0.4491616929405203
891,bitjob,1.013881460973222,0.41749656159598425
892,eventchain,1.0789060052906914,0.19410916442824347
894,terracoin,0.9063978139593969,0.3754144719733584
895,memetic / pepecoin,1.1744934684864479,0.6487496655339283
896,cryptocarbon,1.0200690077629342,0.22340088169823136
901,veros,0.6009515627857731,0.05049676127515772
903,denarius,1.088875438998542,0.30778806804040953
904,elixir,1.4106225730914441,0.5417926427908989
908,mywish,1.1314094284803056,0.4219914080921436
913,divi exchange token,1.1777920538792273,0.4360243502096328
915,dopecoin,1.1168935741466721,0.6220801392887031
916,global cryptocurrency,0.5467145190247266,0.09746294047325077
917,breakout,1.0775779557572973,0.4848773420111297
918,transfercoin,1.3083669062774415,0.6100224231554288
919,karbo,0.859270751458794,0.5970475929791628
921,neutron,1.268335260377572,0.3291470057354488
922,sumokoin,1.1178517063389484,0.38483656026307345
923,indorse token,0.9554446209539798,0.6291361941696278
924,nubits,0.5551554719893255,0.2266727826172862
925,open trading network,1.207542537065682,0.2960717132730471
926,cannabiscoin,1.1285860870187112,0.6267927066917992
935,eboost,1.2638311746157476,0.4605506415300725
949,atbcoin,0.8548439970297798,0.2806485290023723
958,universal currency,0.9048675076728097,0.4758301983803102
960,audiocoin,1.2402711514484939,0.40629455829363836
961,iethereum,0.8774944240521659,0.14690824192069216
968,argentum,1.1779593478142045,0.1972631247937143
973,bonpay,1.0748401069044493,0.38123275636262144
978,sportyco,0.9953445596839257,0.430090497614068
979,hyperstake,1.2235339500984863,0.5805487994122328
981,publica,1.3711022989370094,0.4454777192760206
985,the champcoin,0.9071779746306466,0.39363035514329636
989,biblepay,3.1174697067140884,0.14777071716103038
990,soma,1.4638516042885243,0.2372588852445366
992,skeincoin,1.0716048361663428,0.31769655485311654
999,equitrader,1.1782159050938878,0.4114685875805791
1001,monoeci,1.258436078789262,0.48958130325629223
1008,evergreencoin,1.1673404203135804,0.43331983255121675
1010,ace (tokenstars),1.1707149690030747,0.3425316348089266
1015,digitalprice,1.0508648865990542,0.2924168432747735
1020,808coin,0.7138771941432372,0.06902945402636698
1021,more coin,1.2728266339964154,0.5291336440619454
1035,deutsche emark,1.0196356025160251,0.2931553378080088
1054,neverdie,0.9299004360752847,0.24909807236647838
1055,linx,1.3073335438715907,0.49653338859321816
1058,rupaya,0.1316969053557543,0.02296148170195466
1059,kolion,0.991821381361853,0.7333681118590196
1060,crea,0.9708999330970343,0.4349537324511208
1071,sharechain,1.1021963574438622,0.2575442504117657
1072,suretly,1.041095101313168,0.443957434628427
1073,zetacoin,1.1258852011898466,0.43998691759937975
1074,advanced technology coin,0.9388417264497841,0.35390433200531046
1075,bitzeny,1.3422894368455238,0.4016907670273948
1078,micromoney,0.9776024028343158,0.308440093310632
1085,xgox,1.2952326220106056,0.3478931604023764
1098,allsafe,0.446779507943739,0.07602933336728851
1100,sugar exchange,0.9304822572863849,0.17517188116781537
1106,unify,0.9523396044596142,0.26479144550338835
1112,jetcoin,1.359395106844239,0.1763536599810348
1116,mcap,1.1754373642051141,0.350321822351637
1118,ethereum gold,1.181678800628509,0.26204341189151076
1123,whalecoin,0.8939409347922594,0.2542297197040585
1124,eltcoin,1.0564020754810541,0.22934159798604867
1125,adcoin,1.006000522794523,0.19193095774389077
1127,roulettetoken,0.9165813961927133,0.4564336492896365
1139,procurrency,0.7561430761186922,0.17877025457748982
1144,viuly,1.4302067378109011,0.382604206760891
1150,deuscoin,1.0768585464847193,0.299898933457439
1155,desire,1.0990642908386092,0.28251436542793334
1157,ethereum dark,1.3019568906676653,0.38860322653415713
1179,crevacoin,0.813020001072465,0.10178090120535982
1182,oyster,1.436952407931266,0.08947559351573006
1187,cofound.it,1.147818927894476,0.5874530474920535
1189,rubycoin,1.1751396932821914,0.5345271511195945
1193,soarcoin,1.0820508973051048,0.49782407344293156
1196,dovu,0.9125095714616103,0.30901005031768725
1197,dao.casino,1.0792740310580817,0.36087463616721316
1201,anoncoin,1.5529237736718982,0.21477216675626093
1202,dotcoin,0.8555415326792971,0.30120304056435576
1203,mintcoin,1.1708157690377174,0.18737060335080905
1204,xpa,0.4968091522618985,0.1386936397593922
1205,ixt,1.1654486644717759,0.4447014433444594
1207,waves community token,1.1154738710963898,0.6425362614753908
1208,apx,0.9605639801228132,0.4704385958255256
1210,lomocoin,1.3664091484195813,0.5305620156932012
1211,stealth,1.2475981930730915,0.5783434366332276
1216,zephyr,1.1474543924320655,0.44778859935107024
1219,sequence,1.14833805996476,0.5188833886873047
1224,real,0.7665685826150636,0.1768450745947374
1228,bitqy,-0.16013088077536028,-0.02176652276654758
1230,paragon,1.1736161008968826,0.2593408902643898
1234,starta,1.00980825769985,0.1581136588793384
1239,tokes,1.1259092742723478,0.4337115945449129
1240,heat,1.64800873916352,0.3638453435265442
1244,petrodollar,0.8059178765302225,0.10647400091948499
1247,bluecoin,0.7701652570935033,0.20025385435804485
1249,elite,1.1373171805947555,0.2969499295478346
1251,zeitcoin,0.5236429023970866,0.08106107603721986
1254,bullion,1.1650215846486491,0.3695546412174904
1256,sociall,1.6068192687891996,0.43546209442529477
1258,obits,1.502564865926502,0.36643348471727777
1260,hellogold,1.168636802215027,0.2243732689778642
1262,lampix,1.502235615167617,0.40499308056197403
1263,buzzcoin,0.9831740828335113,0.12329985493666061
1265,xenon,0.5152886177540098,0.08798134707568839
1266,litedoge,1.2911295213226752,0.20899074666111334
1269,veriumreserve,1.5045055744076457,0.6229703760689804
1270,breakout stake,1.2114473014854732,0.5270699153823143
1275,investfeed,1.1877874839957705,0.3566127719410701
1277,miners' reward token,0.9891341877435696,0.38246735053242215
1281,worldcoin,0.8851077046194472,0.23992841206012147
1282,flypme,1.0548927913111554,0.23943969780559368
1284,nexium,1.3468596142322389,0.6631431719080377
1289,atmchain,1.3743929313685328,0.15479765533355994
1295,somee.social,0.8801795742169897,0.19529510092889238
1297,hush,1.0948016547137949,0.2449785568686946
1300,chronologic,0.6474135250443275,0.15495183265626578
1304,bunnycoin,1.6816503335051525,0.09021233877415906
1305,blockcat,1.2699527563078896,0.41807028410522484
1306,noblecoin,0.8976977672495473,0.22371661152253378
1307,condensate,0.8621835308417665,0.3440185000210223
1309,trollcoin,1.2774956110202935,0.3575201749781394
1313,teslacoin,0.9941696034276325,0.2716436352328274
1315,cryptonite,1.2022746629119363,0.26106353664546894
1316,e-gulden,1.1425629889073363,0.5690252475706198
1323,pesetacoin,1.1869734367367328,0.5756558220508343
1327,trezarcoin,1.2407387114307853,0.46392451999408263
1328,cryptoping,1.4111187140280017,0.3250923814341636
1330,straks,0.8781876385035632,0.1367457061405257
1332,voise,1.2344967783403584,0.388886592885595
1333,orbitcoin,1.1955336774355392,0.5760632141084658
1339,peepcoin,0.837226174941913,0.12427795795462308
1345,ebitcoin,1.3530036902636149,0.3891812715094478
1348,force,1.3960811675693674,0.31561083556248476
1349,fujicoin,1.2718005287049414,0.33427647528628474
1355,helleniccoin,1.1002070636688124,0.26231143218267367
1356,oceanlab,1.0565980284899272,0.3480914555819552
1359,dinastycoin,1.0320875868355812,0.2305504577559655
1362,cartaxi token,1.352329195737074,0.3529733081069532
1364,campuscoin,1.0293274413845657,0.24318692033491923
1365,bitmark,0.9420487971288412,0.2659733526919125
1370,canada ecoin,1.1207096276480468,0.42140034693700246
1375,bitcloud,1.092982447773933,0.26344580213728075
1379,trumpcoin,1.0945834287406913,0.2532176563956421
1380,innova,1.1691699977765169,0.448152056314493
1382,elementrem,1.3793052501016532,0.31189612611664763
1384,ellaism,1.0446402175230416,0.4301290875936677
1387,bitbar,1.138597405448477,0.3900833219672773
1389,phoenixcoin,1.1991301808782533,0.4556638830947782
1392,crave,1.0813124399074348,0.1392338856189491
1396,moin,1.3102486785414056,0.18703017536074854
1399,platinumbar,1.166468385269405,0.34267908079194526
1400,adzcoin,0.7993027124732623,0.3073842592496685
1401,incakoin,1.233010244425901,0.055853793706584214
1402,digitalcoin,1.0862752455350413,0.35240233677084953
1403,bata,1.0462364201338106,0.2625864966401441
1405,martexcoin,0.7998746670898234,0.2788672544589435
1407,bitradio,0.8927283001570784,0.24165267399620638
1411,elcoin,0.6502311931296302,0.17557387943007047
1412,bitcoin fast,1.213551444621443,0.41382671193178017
1421,startcoin,1.1906650348402066,0.4405954598663544
1435,blakecoin,1.607170463091856,0.44249423504487984
1437,joulecoin,1.128363876224315,0.34914179275666063
1440,bitcoin scrypt,1.11873372699793,0.3792388803806627
1441,magiccoin,1.0360057598590282,0.35347687917662585
1444,unitus,1.2139580035776973,0.48628809557540104
1446,sagacoin,1.3116642824907139,0.3939205110992623
1448,fastcoin,1.1723528358949256,0.37264968193189346
1451,magi,1.4499730145910334,0.625378278069431
1452,spreadcoin,1.3140109113339626,0.46360114122647467
1455,putincoin,1.0366362196504062,0.34990946116349064
1457,vivo,0.9086434467008389,0.3184359267156246
1459,ratecoin,0.9698018752641121,0.35255113046270786
1461,insanecoin,0.9767077564101366,0.26525937104911146
1466,cream,0.9753293406369136,0.3183146512729101
1467,lanacoin,1.039746646461636,0.2556672559919355
1472,nyancoin,1.0059813334361876,0.23438481431489597
1473,regalcoin,1.02031869105812,0.12047919121349644
1474,inflationcoin,1.1344690644435709,0.03984754443397143
1475,bitdeal,0.9843973570127358,0.2895809923825689
1476,golfcoin,0.27954535759096605,0.0381481435711604
1478,aquariuscoin,1.0174525430163361,0.20245378961103155
1480,litecoin plus,1.0951465175034745,0.4375682150531217
1481,masternodecoin,1.2136939174628785,0.3352982050501726
1483,rimbit,0.7452173015339814,0.14621167265008203
1485,wavesgo,1.153197969004664,0.23473811594415098
1489,marscoin,0.99635874271495,0.43544532282684506
1497,smartcoin,0.8087516980422363,0.254777458368603
1498,halcyon,1.1897547281158252,0.25213041442095957
1500,growers international,1.2560025138770439,0.3459965978328126
1502,dix asset,2.1809597463510215,0.05867761598375233
1509,tekcoin,1.181554236565131,0.11476611402308799
1517,mincoin,1.3491425115187055,0.1069600906883009
1518,bitcoin red,0.9444926877327002,0.34339147075797116
1519,aricoin,0.938977764225609,0.2307821477041156
1520,votecoin,1.5072061281157076,0.3443937060690948
1524,authorship,1.092769399991265,0.22857913495154344
1525,goldblocks,0.921868383369491,0.2989866778804634
1528,honey,0.7880275885206303,0.18120190272978198
1531,minereum,1.1088577033890354,0.2869789546571566
1533,coin(o),1.041669676037046,0.3761985465557892
1534,globaltoken,1.163367041988918,0.2660902369227316
1540,altcoin,0.43021158243105095,0.08650788756790594
1544,tokugawa,1.0716794525585356,0.3296057132597567
1548,creditbit,0.9942280057935312,0.3294523277179139
1549,pakcoin,0.7186050310584242,0.2718667061095518
1554,obsidian,1.2173044042096772,0.38992198366855174
1557,bolivarcoin,0.6712991484477051,0.2339183679873511
1565,revolvercoin,1.1297399230858807,0.3398533639002066
1566,bigup,1.6842379152647324,0.13283628717558169
1568,quatloo,1.2049126040643248,0.506498279904196
1576,influxcoin,0.5906666179024922,0.08352048118695529
1582,globalboost-y,1.3146964947143895,0.5075278170449768
1584,master swiscoin,0.7909170065620755,0.21340756361584715
1587,cryptojacks,1.090396532823083,0.24871684625994528
1588,berncash,1.0317791437735901,0.2631994647027124
1590,x-coin,1.4210446156954386,0.23254961353784656
1593,atomic coin,1.1771037617039488,0.4126362837946574
1594,parallelcoin,0.9483816069542103,0.20406513255048656
1595,nevacoin,0.8837256280912774,0.3099349360433227
1597,homeblockcoin,1.2715519575423442,0.252167569429082
1600,centurion,1.2917846784617997,0.13573177347790308
1616,eternity,0.8798029218429935,0.15685625883408602
1622,redcoin,1.2946582229171502,0.4487752585615472
1624,theresa may coin,0.9057218931800799,0.14464001084060873
1629,c-bit,1.4739504371847503,0.28476654718116595
1630,money,0.8052215465516321,0.2945657899851242
1632,tajcoin,1.5055035632031686,0.43709398663645016
1636,postcoin,1.0501868077596377,0.33218354544578665
1637,bumbacoin,1.1692043498980065,0.2788087423597681
1644,bitcoal,1.136205225666938,0.14288041720410444
1648,nekonium,1.4605303481061016,0.31732887728196174
1649,kubera coin,1.1987980352011076,0.2369221493050596
1655,eryllium,1.2311371982953154,0.24256258265485933
1664,coinonatx,0.816925159485104,0.1724916304741684
1667,comet,0.9266582805727104,0.2578742130275866
1668,marijuanacoin,1.0087745165645867,0.35729849126947344
1671,phantomx,1.101481569185747,0.1226292518764081
1675,bitcoin planet,1.0818471579627225,0.1683274952761114
1677,kronecoin,1.375804922473878,0.3696504004108041
1682,pioneer coin,1.0500401199756701,0.22116547081783527
1687,grimcoin,0.668478724719377,0.0867143669575416
1690,luna coin,0.7488944583686158,0.21063150833925665
1693,litecoin ultra,1.2454195539179826,0.29671676254282037
1699,anarchistsprime,0.5354477104726726,0.11750802962586328
1700,prime-xi,1.1142404312450513,0.3042673372115599
1706,songcoin,0.7228536981411494,0.19295957981830175
1714,fujinto,0.7304670477279686,0.10746927320551435
1715,coinonat,0.6071430697165737,0.15220432573289586
1720,coupecoin,1.3951444108419324,0.09089252192539889
1727,yenten,1.4370000620159917,0.1118855459292153
1728,poly ai,1.274141470357545,0.12625901518953747
1731,harmonycoin,1.238506923422857,0.13650203822064486
1735,infinity economics,0.8284618548832415,0.42924412649948906
1748,filecoin [futures],0.7346866842187869,0.40958690469169307
1750,super bitcoin,1.0771183376211397,0.20584104049950303
1807,united bitcoin,0.6736488999853051,0.14555056913599052
1808,segwit2x,1.1279803121883751,0.36145175313590044
1820,exchange union,0.6628495905458792,0.5258735061284315
1837,bitcoinx,1.1305230664152361,0.2766114256021264
1838,msd,1.1093828236619967,0.31477058527904317
1891,comsa [xem],0.7705570661402629,0.46347979902552244
1897,comsa [eth],0.7801976015864578,0.4457789926547796
1903,blockcdn,0.997009949622292,0.3107623385214695
1922,sphre air ,1.182735161733389,0.4814511784626398
1924,president trump,0.22312760703300002,0.013066478085583692
1931,animecoin,1.0623220653546475,0.18952047692903637
1947,golos gold,1.1902010015332634,0.6719545087228453
1970,fargocoin,-0.07710116562939937,-0.02019585007050128
1971,terranova,0.6290393236337783,0.008347773777934896
2008,francs,1.3850221258280253,0.3063004087536679
2009,first bitcoin,4.565719560577808,0.19095591638792017
2018,era,1.1121348471974986,0.08691765451677819
2021,ea coin,0.9664825527084628,0.24447311709034605
2030,storjcoin x,0.3642450489299425,0.10029580637464265
2040,dynamiccoin,0.7888984207918537,0.14943852481785022
2042,zengold,0.2897686670651636,0.021124858461944084
2068,42-coin,0.7511359939456621,0.23052744904078626
